{"data": [{"serviceVersion": "3.2.1+45911", "version": 1}, {"currentFrameRate": 112.642, "devices": [], "gestures": [], "hands": [{"direction": [-0.335479, 0.117577, -0.934681], "id": 2, "palmNormal": [0.180618, -0.965746, -0.186313], "palmPosition": [-55.7215, 241.765, 25.0399], "palmVelocity": [2.06784, -6.45885, -3.20819], "r": [[0.906046, 0.408911, -0.108965], [-0.421718, 0.893858, -0.152226], [0.0351521, 0.183876, 0.982321]], "s": 1.06291, "sphereCenter": [-46.0508, 149.043, -7.25505], "sphereRadius": 102.728, "stabilizedPalmPosition": [-49.8712, 252.752, 30.7366], "t": [-105.131, 76.9246, -51.9343], "timeVisible": 2.4975}], "id": 778, "interactionBox": {"center": [0.0, 200.0, 0.0], "size": [235.247, 235.247, 147.751]}, "pointables": [{"direction": [-0.783108, -0.246387, -0.570995], "handId": 2, "id": 20, "length": 41.0006, "stabilizedTipPosition": [-116.403, 213.874, 30.9576], "timeVisible": 2.4975, "tipPosition": [-121.403, 204.495, 28.9468], "tipVelocity": [7.21924, -10.1149, -4.83485], "tool": false, "touchDistance": 0.269165, "touchZone": "hovering", "width": 15.9647}, {"direction": [-0.396998, -0.337615, -0.853469], "handId": 2, "id": 21, "length": 46.2646, "stabilizedTipPosition": [-106.804, 238.342, -37.8261], "timeVisible": 2.4975, "tipPosition": [-113.267, 230.345, -41.3521], "tipVelocity": [1.53649, -1.10293, -4.07462], "tool": false, "touchDistance": 0.218562, "touchZone": "hovering", "width": 15.2494}, {"direction": [-0.269814, -0.315007, -0.909929], "handId": 2, "id": 22, "length": 52.7148, "stabilizedTipPosition": [-82.9079, 243.426, -54.3561], "timeVisible": 2.4975, "tipPosition": [-88.0524, 235.688, -59.4138], "tipVelocity": [3.44097, -7.87058, -2.87406], "tool": false, "touchDistance": 0.203852, "touchZone": "hovering", "width": 14.977}, {"direction": [-0.131343, -0.366803, -0.92098], "handId": 2, "id": 23, "length": 50.6867, "stabilizedTipPosition": [-51.9268, 245.099, -51.911], "timeVisible": 2.4975, "tipPosition": [-56.3876, 234.132, -57.8259], "tipVelocity": [2.99657, -12.5954, -1.49958], "tool": false, "touchDistance": 0.169488, "touchZone": "hovering", "width": 14.2515}, {"direction": [0.0197204, -0.42012, -0.907254], "handId": 2, "id": 24, "length": 39.7374, "stabilizedTipPosition": [-23.063, 245.646, -37.7757], "timeVisible": 2.4975, "tipPosition": [-23.7741, 239.022, -43.5108], "tipVelocity": [0.744137, -11.9334, -1.50984], "tool": false, "touchDistance": 0.0706974, "touchZone": "hovering", "width": 12.6593}], "r": [[0.906046, 0.408911, -0.108965], [-0.421718, 0.893858, -0.152226], [0.0351521, 0.183876, 0.982321]], "s": 1.06291, "t": [-105.131, 76.9246, -51.9343], "timestamp": 1054824635364}, {"currentFrameRate": 112.722, "devices": [], "gestures": [], "hands": [{"direction": [-0.33543, 0.116641, -0.934817], "id": 2, "palmNormal": [0.180708, -0.965912, -0.185362], "palmPosition": [-55.6845, 241.716, 25.009], "palmVelocity": [4.2361, -5.61229, -3.53033], "r": [[0.905956, 0.409029, -0.10927], [-0.421919, 0.893628, -0.153016], [0.0350588, 0.184729, 0.982164]], "s": 1.06268, "sphereCenter": [-46.0308, 149.176, -7.21207], "sphereRadius": 102.546, "stabilizedPalmPosition": [-49.8774, 252.741, 30.7305], "t": [-105.107, 76.8785, -51.9656], "timeVisible": 2.50623}], "id": 779, "interactionBox": {"center": [0.0, 200.0, 0.0], "size": [235.247, 235.247, 147.751]}, "pointables": [{"direction": [-0.782649, -0.247025, -0.571348], "handId": 2, "id": 20, "length": 40.9972, "stabilizedTipPosition": [-116.424, 213.845, 30.9506], "timeVisible": 2.50623, "tipPosition": [-121.364, 204.45, 28.9489], "tipVelocity": [7.25828, -5.04365, -3.27768], "tool": false, "touchDistance": 0.268688, "touchZone": "hovering", "width": 15.9649}, {"direction": [-0.396957, -0.337398, -0.853574], "handId": 2, "id": 21, "length": 46.2607, "stabilizedTipPosition": [-106.807, 238.327, -37.8305], "timeVisible": 2.50623, "tipPosition": [-113.207, 230.209, -41.3755], "tipVelocity": [5.34524, -5.51467, -3.99056], "tool": false, "touchDistance": 0.217982, "touchZone": "hovering", "width": 15.2496}, {"direction": [-0.269575, -0.315654, -0.909776], "handId": 2, "id": 22, "length": 52.7104, "stabilizedTipPosition": [-82.9149, 243.401, -54.3658], "timeVisible": 2.50623, "tipPosition": [-88.0052, 235.549, -59.4388], "tipVelocity": [6.50404, -11.994, -2.72928], "tool": false, "touchDistance": 0.203454, "touchZone": "hovering", "width": 14.9772}, {"direction": [-0.13119, -0.367851, -0.920584], "handId": 2, "id": 23, "length": 50.6824, "stabilizedTipPosition": [-51.9484, 245.044, -51.9386], "timeVisible": 2.50623, "tipPosition": [-56.3446, 234.003, -57.8488], "tipVelocity": [5.39868, -14.4787, -1.65088], "tool": false, "touchDistance": 0.169247, "touchZone": "hovering", "width": 14.2517}, {"direction": [0.01956, -0.421024, -0.906839], "handId": 2, "id": 24, "length": 39.7341, "stabilizedTipPosition": [-23.0872, 245.575, -37.8077], "timeVisible": 2.50623, "tipPosition": [-23.7356, 238.905, -43.5354], "tipVelocity": [3.09426, -12.1145, -1.97558], "tool": false, "touchDistance": 0.0704098, "touchZone": "hovering", "width": 12.6595}], "r": [[0.905956, 0.409029, -0.10927], [-0.421919, 0.893628, -0.153016], [0.0350588, 0.184729, 0.982164]], "s": 1.06268, "t": [-105.107, 76.8785, -51.9656], "timestamp": 1054824644096}, {"currentFrameRate": 112.855, "devices": [], "gestures": [], "hands": [{"direction": [-0.335415, 0.115792, -0.934927], "id": 2, "palmNormal": [0.18118, -0.965963, -0.184635], "palmPosition": [-55.6534, 241.729, 25.0269], "palmVelocity": [3.60518, 1.56387, 2.06427], "r": [[0.905846, 0.409193, -0.109561], [-0.422162, 0.893381, -0.153786], [0.0349519, 0.185559, 0.982011]], "s": 1.06241, "sphereCenter": [-45.9592, 149.485, -7.14835], "sphereRadius": 102.274, "stabilizedPalmPosition": [-49.8843, 252.728, 30.7237], "t": [-105.08, 76.8622, -51.9724], "timeVisible": 2.51486}], "id": 780, "interactionBox": {"center": [0.0, 200.0, 0.0], "size": [235.247, 235.247, 147.751]}, "pointables": [{"direction": [-0.781747, -0.24835, -0.572008], "handId": 2, "id": 20, "length": 40.992, "stabilizedTipPosition": [-116.446, 213.813, 30.9432], "timeVisible": 2.51486, "tipPosition": [-121.315, 204.447, 28.9908], "tipVelocity": [11.3395, -5.7818, -0.757639], "tool": false, "touchDistance": 0.268579, "touchZone": "hovering", "width": 15.9649}, {"direction": [-0.396832, -0.336928, -0.853817], "handId": 2, "id": 21, "length": 46.2549, "stabilizedTipPosition": [-106.811, 238.309, -37.8361], "timeVisible": 2.51486, "tipPosition": [-113.144, 230.127, -41.3537], "tipVelocity": [5.38556, 2.46391, 1.17518], "tool": false, "touchDistance": 0.218151, "touchZone": "hovering", "width": 15.2496}, {"direction": [-0.269199, -0.316138, -0.909719], "handId": 2, "id": 22, "length": 52.7037, "stabilizedTipPosition": [-82.9223, 243.374, -54.3764], "timeVisible": 2.51486, "tipPosition": [-87.9595, 235.478, -59.4165], "tipVelocity": [6.5518, -3.27061, 2.84766], "tool": false, "touchDistance": 0.203864, "touchZone": "hovering", "width": 14.9772}, {"direction": [-0.130818, -0.369036, -0.920162], "handId": 2, "id": 23, "length": 50.676, "stabilizedTipPosition": [-51.9688, 244.991, -51.9649], "timeVisible": 2.51486, "tipPosition": [-56.3032, 233.956, -57.8243], "tipVelocity": [5.7192, -6.87105, 4.70741], "tool": false, "touchDistance": 0.169925, "touchZone": "hovering", "width": 14.2517}, {"direction": [0.019586, -0.422241, -0.906272], "handId": 2, "id": 24, "length": 39.7291, "stabilizedTipPosition": [-23.1076, 245.513, -37.8348], "timeVisible": 2.51486, "tipPosition": [-23.7027, 238.878, -43.5108], "tipVelocity": [3.03348, -4.37893, 4.69432], "tool": false, "touchDistance": 0.071085, "touchZone": "hovering", "width": 12.6595}], "r": [[0.905846, 0.409193, -0.109561], [-0.422162, 0.893381, -0.153786], [0.0349519, 0.185559, 0.982011]], "s": 1.06241, "t": [-105.08, 76.8622, -51.9724], "timestamp": 1054824652726}, {"currentFrameRate": 112.928, "devices": [], "gestures": [], "hands": [{"direction": [-0.335307, 0.115917, -0.93495], "id": 2, "palmNormal": [0.180531, -0.966105, -0.184525], "palmPosition": [-55.6354, 241.777, 25.0247], "palmVelocity": [2.05989, 5.47883, -0.241801], "r": [[0.905815, 0.409199, -0.109797], [-0.422235, 0.893236, -0.154424], [0.0348852, 0.186239, 0.981885]], "s": 1.06205, "sphereCenter": [-45.7922, 149.168, -7.13594], "sphereRadius": 102.586, "stabilizedPalmPosition": [-49.893, 252.711, 30.7151], "t": [-105.057, 76.8779, -51.9768], "timeVisible": 2.52359}], "id": 781, "interactionBox": {"center": [0.0, 200.0, 0.0], "size": [235.247, 235.247, 147.751]}, "pointables": [{"direction": [-0.78099, -0.248919, -0.572795], "handId": 2, "id": 20, "length": 40.9862, "stabilizedTipPosition": [-116.465, 213.785, 30.9362], "timeVisible": 2.52359, "tipPosition": [-121.322, 204.556, 28.9923], "tipVelocity": [7.08693, 1.51126, -5.75772], "tool": false, "touchDistance": 0.267742, "touchZone": "hovering", "width": 15.964}, {"direction": [-0.396812, -0.336255, -0.854092], "handId": 2, "id": 21, "length": 46.2484, "stabilizedTipPosition": [-106.816, 238.286, -37.843], "timeVisible": 2.52359, "tipPosition": [-113.124, 230.199, -41.3564], "tipVelocity": [4.31191, 7.94746, -2.04935], "tool": false, "touchDistance": 0.217853, "touchZone": "hovering", "width": 15.2488}, {"direction": [-0.269095, -0.316608, -0.909586], "handId": 2, "id": 22, "length": 52.6963, "stabilizedTipPosition": [-82.9307, 243.343, -54.3884], "timeVisible": 2.52359, "tipPosition": [-87.9337, 235.526, -59.4148], "tipVelocity": [4.31412, -0.211465, 0.740779], "tool": false, "touchDistance": 0.203972, "touchZone": "hovering", "width": 14.9764}, {"direction": [-0.130917, -0.369851, -0.919821], "handId": 2, "id": 23, "length": 50.6689, "stabilizedTipPosition": [-51.9888, 244.939, -51.9905], "timeVisible": 2.52359, "tipPosition": [-56.2864, 233.997, -57.8223], "tipVelocity": [2.70802, -3.40222, 2.19446], "tool": false, "touchDistance": 0.170244, "touchZone": "hovering", "width": 14.251}, {"direction": [0.0194085, -0.422785, -0.906022], "handId": 2, "id": 24, "length": 39.7235, "stabilizedTipPosition": [-23.1276, 245.453, -37.8614], "timeVisible": 2.52359, "tipPosition": [-23.6906, 238.889, -43.5086], "tipVelocity": [2.07407, -1.37448, 1.03508], "tool": false, "touchDistance": 0.0712356, "touchZone": "hovering", "width": 12.6588}], "r": [[0.905815, 0.409199, -0.109797], [-0.422235, 0.893236, -0.154424], [0.0348852, 0.186239, 0.981885]], "s": 1.06205, "t": [-105.057, 76.8779, -51.9768], "timestamp": 1054824661455}, {"currentFrameRate": 113.068, "devices": [], "gestures": [], "hands": [{"direction": [-0.335262, 0.11604, -0.934951], "id": 2, "palmNormal": [0.1801, -0.966191, -0.184499], "palmPosition": [-55.6013, 241.76, 25.0253], "palmVelocity": [3.96698, -1.95796, 0.0658672], "r": [[0.905826, 0.409122, -0.10999], [-0.422213, 0.893157, -0.154938], [0.0348497, 0.186786, 0.981782]], "s": 1.06167, "sphereCenter": [-45.569, 148.663, -7.12475], "sphereRadius": 103.016, "stabilizedPalmPosition": [-49.9031, 252.692, 30.705], "t": [-105.029, 76.8774, -51.9787], "timeVisible": 2.53219}], "id": 782, "interactionBox": {"center": [0.0, 200.0, 0.0], "size": [235.247, 235.247, 147.751]}, "pointables": [{"direction": [-0.780382, -0.249472, -0.573382], "handId": 2, "id": 20, "length": 40.9785, "stabilizedTipPosition": [-116.484, 213.756, 30.9291], "timeVisible": 2.53219, "tipPosition": [-121.304, 204.582, 28.9956], "tipVelocity": [9.07235, -6.36764, -4.32499], "tool": false, "touchDistance": 0.267122, "touchZone": "hovering", "width": 15.9626}, {"direction": [-0.396845, -0.335293, -0.854455], "handId": 2, "id": 21, "length": 46.2397, "stabilizedTipPosition": [-106.822, 238.261, -37.8508], "timeVisible": 2.53219, "tipPosition": [-113.087, 230.198, -41.3553], "tipVelocity": [6.27503, 0.763796, -1.87519], "tool": false, "touchDistance": 0.217584, "touchZone": "hovering", "width": 15.2475}, {"direction": [-0.268887, -0.317, -0.909511], "handId": 2, "id": 22, "length": 52.6864, "stabilizedTipPosition": [-82.9398, 243.308, -54.4017], "timeVisible": 2.53219, "tipPosition": [-87.8927, 235.508, -59.4095], "tipVelocity": [6.8274, -8.03495, 0.976691], "tool": false, "touchDistance": 0.204112, "touchZone": "hovering", "width": 14.9751}, {"direction": [-0.13089, -0.370403, -0.919603], "handId": 2, "id": 23, "length": 50.6594, "stabilizedTipPosition": [-52.009, 244.884, -52.0168], "timeVisible": 2.53219, "tipPosition": [-56.255, 233.98, -57.8185], "tipVelocity": [5.09161, -9.36546, 2.02265], "tool": false, "touchDistance": 0.170534, "touchZone": "hovering", "width": 14.2497}, {"direction": [0.0194639, -0.422865, -0.905984], "handId": 2, "id": 24, "length": 39.7161, "stabilizedTipPosition": [-23.1476, 245.391, -37.8883], "timeVisible": 2.53219, "tipPosition": [-23.6623, 238.851, -43.5061], "tipVelocity": [4.61497, -6.10263, 0.587701], "tool": false, "touchDistance": 0.0713199, "touchZone": "hovering", "width": 12.6577}], "r": [[0.905826, 0.409122, -0.10999], [-0.422213, 0.893157, -0.154938], [0.0348497, 0.186786, 0.981782]], "s": 1.06167, "t": [-105.029, 76.8774, -51.9787], "timestamp": 1054824670057}, {"currentFrameRate": 113.16, "devices": [], "gestures": [], "hands": [{"direction": [-0.334968, 0.115656, -0.935104], "id": 2, "palmNormal": [0.17913, -0.966521, -0.183709], "palmPosition": [-55.5361, 241.755, 25.0152], "palmVelocity": [7.50852, -0.63223, -1.16814], "r": [[0.905924, 0.408855, -0.110174], [-0.422005, 0.893157, -0.155505], [0.0348239, 0.18737, 0.981672]], "s": 1.06129, "sphereCenter": [-45.3151, 148.0, -7.06775], "sphereRadius": 103.587, "stabilizedPalmPosition": [-49.9147, 252.669, 30.6933], "t": [-104.982, 76.8744, -51.9848], "timeVisible": 2.54087}], "id": 783, "interactionBox": {"center": [0.0, 200.0, 0.0], "size": [235.247, 235.247, 147.751]}, "pointables": [{"direction": [-0.77978, -0.249873, -0.574027], "handId": 2, "id": 20, "length": 40.9702, "stabilizedTipPosition": [-116.503, 213.727, 30.9218], "timeVisible": 2.54087, "tipPosition": [-121.277, 204.662, 29.0032], "tipVelocity": [10.6331, 0.911055, -5.10314], "tool": false, "touchDistance": 0.266384, "touchZone": "hovering", "width": 15.9611}, {"direction": [-0.397065, -0.334318, -0.854735], "handId": 2, "id": 21, "length": 46.2303, "stabilizedTipPosition": [-106.828, 238.233, -37.8596], "timeVisible": 2.54087, "tipPosition": [-113.013, 230.192, -41.3672], "tipVelocity": [9.461, 2.05549, -3.53266], "tool": false, "touchDistance": 0.217073, "touchZone": "hovering", "width": 15.246}, {"direction": [-0.268841, -0.317452, -0.909367], "handId": 2, "id": 22, "length": 52.6757, "stabilizedTipPosition": [-82.9497, 243.269, -54.4168], "timeVisible": 2.54087, "tipPosition": [-87.8116, 235.461, -59.4178], "tipVelocity": [10.5169, -9.44358, -0.963404], "tool": false, "touchDistance": 0.203972, "touchZone": "hovering", "width": 14.9736}, {"direction": [-0.131025, -0.370703, -0.919463], "handId": 2, "id": 23, "length": 50.6491, "stabilizedTipPosition": [-52.0302, 244.826, -52.0448], "timeVisible": 2.54087, "tipPosition": [-56.1822, 233.911, -57.8217], "tipVelocity": [9.09046, -10.1689, -0.698862], "tool": false, "touchDistance": 0.170433, "touchZone": "hovering", "width": 14.2484}, {"direction": [0.0194609, -0.422805, -0.906012], "handId": 2, "id": 24, "length": 39.708, "stabilizedTipPosition": [-23.1678, 245.327, -37.9162], "timeVisible": 2.54087, "tipPosition": [-23.5908, 238.755, -43.5063], "tipVelocity": [9.03552, -8.88277, -1.44246], "tool": false, "touchDistance": 0.0711113, "touchZone": "hovering", "width": 12.6565}], "r": [[0.905924, 0.408855, -0.110174], [-0.422005, 0.893157, -0.155505], [0.0348239, 0.18737, 0.981672]], "s": 1.06129, "t": [-104.982, 76.8744, -51.9848], "timestamp": 1054824678735}, {"currentFrameRate": 113.203, "devices": [], "gestures": [], "hands": [{"direction": [-0.334293, 0.11498, -0.935429], "id": 2, "palmNormal": [0.177935, -0.966981, -0.182447], "palmPosition": [-55.4562, 241.743, 25.0391], "palmVelocity": [9.11782, -1.37211, 2.72635], "r": [[0.906125, 0.408372, -0.110319], [-0.421581, 0.893232, -0.156221], [0.0347443, 0.188064, 0.981542]], "s": 1.06086, "sphereCenter": [-45.0814, 147.273, -6.91033], "sphereRadius": 104.182, "stabilizedPalmPosition": [-49.9274, 252.644, 30.6803], "t": [-104.919, 76.8669, -51.9759], "timeVisible": 2.54963}], "id": 784, "interactionBox": {"center": [0.0, 200.0, 0.0], "size": [235.247, 235.247, 147.751]}, "pointables": [{"direction": [-0.779129, -0.250095, -0.574814], "handId": 2, "id": 20, "length": 40.9604, "stabilizedTipPosition": [-116.523, 213.696, 30.9139], "timeVisible": 2.54963, "tipPosition": [-121.247, 204.754, 29.0354], "tipVelocity": [10.5645, 4.43057, -2.2701], "tool": false, "touchDistance": 0.266052, "touchZone": "hovering", "width": 15.959}, {"direction": [-0.396965, -0.33403, -0.854894], "handId": 2, "id": 21, "length": 46.2193, "stabilizedTipPosition": [-106.834, 238.199, -37.8699], "timeVisible": 2.54963, "tipPosition": [-112.904, 230.17, -41.3616], "tipVelocity": [13.9404, -2.65096, -0.344486], "tool": false, "touchDistance": 0.217022, "touchZone": "hovering", "width": 15.2441}, {"direction": [-0.268549, -0.31835, -0.90914], "handId": 2, "id": 22, "length": 52.6632, "stabilizedTipPosition": [-82.9603, 243.224, -54.4336], "timeVisible": 2.54963, "tipPosition": [-87.6849, 235.38, -59.4007], "tipVelocity": [15.4173, -14.2896, 2.64575], "tool": false, "touchDistance": 0.204359, "touchZone": "hovering", "width": 14.9717}, {"direction": [-0.130919, -0.371652, -0.919095], "handId": 2, "id": 23, "length": 50.6371, "stabilizedTipPosition": [-52.0521, 244.763, -52.0745], "timeVisible": 2.54963, "tipPosition": [-56.066, 233.801, -57.787], "tipVelocity": [13.9063, -16.7821, 4.40445], "tool": false, "touchDistance": 0.171076, "touchZone": "hovering", "width": 14.2465}, {"direction": [0.0195282, -0.423865, -0.905515], "handId": 2, "id": 24, "length": 39.6985, "stabilizedTipPosition": [-23.188, 245.259, -37.9449], "timeVisible": 2.54963, "tipPosition": [-23.4802, 238.613, -43.4593], "tipVelocity": [12.5125, -17.252, 5.4048], "tool": false, "touchDistance": 0.0719004, "touchZone": "hovering", "width": 12.6549}], "r": [[0.906125, 0.408372, -0.110319], [-0.421581, 0.893232, -0.156221], [0.0347443, 0.188064, 0.981542]], "s": 1.06086, "t": [-104.919, 76.8669, -51.9759], "timestamp": 1054824687495}, {"currentFrameRate": 113.356, "devices": [], "gestures": [], "hands": [{"direction": [-0.333581, 0.11532, -0.935641], "id": 2, "palmNormal": [0.176717, -0.967247, -0.18222], "palmPosition": [-55.3493, 241.698, 25.0432], "palmVelocity": [12.4987, -5.26367, 0.483326], "r": [[0.90641, 0.407734, -0.110337], [-0.420979, 0.893404, -0.156866], [0.0346163, 0.188634, 0.981437]], "s": 1.06042, "sphereCenter": [-44.8107, 146.409, -6.86922], "sphereRadius": 104.903, "stabilizedPalmPosition": [-49.9412, 252.616, 30.666], "t": [-104.834, 76.8406, -51.9693], "timeVisible": 2.55818}], "id": 785, "interactionBox": {"center": [0.0, 200.0, 0.0], "size": [235.247, 235.247, 147.751]}, "pointables": [{"direction": [-0.778689, -0.249208, -0.575794], "handId": 2, "id": 20, "length": 40.9503, "stabilizedTipPosition": [-116.54, 213.669, 30.9064], "timeVisible": 2.55818, "tipPosition": [-121.192, 204.808, 29.0054], "tipVelocity": [12.0854, 4.66147, -8.69012], "tool": false, "touchDistance": 0.264813, "touchZone": "hovering", "width": 15.957}, {"direction": [-0.396632, -0.333281, -0.85534], "handId": 2, "id": 21, "length": 46.2079, "stabilizedTipPosition": [-106.841, 238.163, -37.8814], "timeVisible": 2.55818, "tipPosition": [-112.761, 230.184, -41.3904], "tipVelocity": [18.7403, -1.07879, -4.59257], "tool": false, "touchDistance": 0.216368, "touchZone": "hovering", "width": 15.2421}, {"direction": [-0.268209, -0.318153, -0.909309], "handId": 2, "id": 22, "length": 52.6501, "stabilizedTipPosition": [-82.971, 243.175, -54.4518], "timeVisible": 2.55818, "tipPosition": [-87.5285, 235.358, -59.4113], "tipVelocity": [19.4575, -7.59629, -1.35165], "tool": false, "touchDistance": 0.204166, "touchZone": "hovering", "width": 14.9698}, {"direction": [-0.130817, -0.371126, -0.919322], "handId": 2, "id": 23, "length": 50.6245, "stabilizedTipPosition": [-52.0737, 244.698, -52.1052], "timeVisible": 2.55818, "tipPosition": [-55.9206, 233.746, -57.7815], "tipVelocity": [17.6018, -7.83862, 0.0268382], "tool": false, "touchDistance": 0.17108, "touchZone": "hovering", "width": 14.2447}, {"direction": [0.0195293, -0.423658, -0.905611], "handId": 2, "id": 24, "length": 39.6887, "stabilizedTipPosition": [-23.2076, 245.19, -37.9738], "timeVisible": 2.55818, "tipPosition": [-23.339, 238.514, -43.4349], "tipVelocity": [15.6497, -11.8924, 1.91056], "tool": false, "touchDistance": 0.0721728, "touchZone": "hovering", "width": 12.6532}], "r": [[0.90641, 0.407734, -0.110337], [-0.420979, 0.893404, -0.156866], [0.0346163, 0.188634, 0.981437]], "s": 1.06042, "t": [-104.834, 76.8406, -51.9693], "timestamp": 1054824696051}, {"currentFrameRate": 113.413, "devices": [], "gestures": [], "hands": [{"direction": [-0.332701, 0.116132, -0.935854], "id": 2, "palmNormal": [0.175261, -0.967485, -0.182364], "palmPosition": [-55.2163, 241.673, 25.0596], "palmVelocity": [15.2579, -2.84043, 1.88228], "r": [[0.906788, 0.406932, -0.110195], [-0.42018, 0.893687, -0.157393], [0.0344315, 0.189024, 0.981369]], "s": 1.05989, "sphereCenter": [-44.5097, 145.537, -6.84751], "sphereRadius": 105.655, "stabilizedPalmPosition": [-49.9566, 252.584, 30.6496], "t": [-104.725, 76.8151, -51.9579], "timeVisible": 2.5669}], "id": 786, "interactionBox": {"center": [0.0, 200.0, 0.0], "size": [235.247, 235.247, 147.751]}, "pointables": [{"direction": [-0.778202, -0.247936, -0.577001], "handId": 2, "id": 20, "length": 40.94, "stabilizedTipPosition": [-116.557, 213.641, 30.8986], "timeVisible": 2.5669, "tipPosition": [-121.121, 204.899, 28.9627], "tipVelocity": [13.7731, 8.21907, -9.63231], "tool": false, "touchDistance": 0.263413, "touchZone": "hovering", "width": 15.9546}, {"direction": [-0.39565, -0.333697, -0.855632], "handId": 2, "id": 21, "length": 46.1962, "stabilizedTipPosition": [-106.848, 238.12, -37.895], "timeVisible": 2.5669, "tipPosition": [-112.567, 230.244, -41.4204], "tipVelocity": [24.9894, -2.33432, -3.03797], "tool": false, "touchDistance": 0.215926, "touchZone": "hovering", "width": 15.2399}, {"direction": [-0.267836, -0.318184, -0.909408], "handId": 2, "id": 22, "length": 52.6368, "stabilizedTipPosition": [-82.982, 243.12, -54.4722], "timeVisible": 2.5669, "tipPosition": [-87.3306, 235.392, -59.4149], "tipVelocity": [22.7989, -4.15028, 0.701619], "tool": false, "touchDistance": 0.204268, "touchZone": "hovering", "width": 14.9676}, {"direction": [-0.130837, -0.370179, -0.919701], "handId": 2, "id": 23, "length": 50.6117, "stabilizedTipPosition": [-52.0957, 244.628, -52.1378], "timeVisible": 2.5669, "tipPosition": [-55.7393, 233.746, -57.7674], "tipVelocity": [20.1921, -0.953103, 1.35973], "tool": false, "touchDistance": 0.171277, "touchZone": "hovering", "width": 14.2426}, {"direction": [0.0193617, -0.423072, -0.905889], "handId": 2, "id": 24, "length": 39.6787, "stabilizedTipPosition": [-23.2268, 245.117, -38.0038], "timeVisible": 2.5669, "tipPosition": [-23.1634, 238.452, -43.3944], "tipVelocity": [18.1856, -6.69877, 3.48594], "tool": false, "touchDistance": 0.0726794, "touchZone": "hovering", "width": 12.6514}], "r": [[0.906788, 0.406932, -0.110195], [-0.42018, 0.893687, -0.157393], [0.0344315, 0.189024, 0.981369]], "s": 1.05989, "t": [-104.725, 76.8151, -51.9579], "timestamp": 1054824704771}, {"currentFrameRate": 113.522, "devices": [], "gestures": [], "hands": [{"direction": [-0.331737, 0.11687, -0.936105], "id": 2, "palmNormal": [0.173557, -0.967798, -0.182332], "palmPosition": [-55.068, 241.68, 25.0938], "palmVelocity": [17.1942, 0.817804, 3.9663], "r": [[0.907262, 0.405945, -0.109928], [-0.419173, 0.894077, -0.157861], [0.0342009, 0.189301, 0.981323]], "s": 1.05925, "sphereCenter": [-44.2272, 144.774, -6.78283], "sphereRadius": 106.322, "stabilizedPalmPosition": [-49.9727, 252.55, 30.632], "t": [-104.596, 76.8058, -51.935], "timeVisible": 2.57552}], "id": 787, "interactionBox": {"center": [0.0, 200.0, 0.0], "size": [235.247, 235.247, 147.751]}, "pointables": [{"direction": [-0.777573, -0.246767, -0.578348], "handId": 2, "id": 20, "length": 40.9295, "stabilizedTipPosition": [-116.574, 213.614, 30.8904], "timeVisible": 2.57552, "tipPosition": [-121.044, 205.042, 28.9403], "tipVelocity": [16.2305, 12.1076, -8.75877], "tool": false, "touchDistance": 0.262155, "touchZone": "hovering", "width": 15.951}, {"direction": [-0.394594, -0.334577, -0.855777], "handId": 2, "id": 21, "length": 46.1844, "stabilizedTipPosition": [-106.855, 238.071, -37.9104], "timeVisible": 2.57552, "tipPosition": [-112.354, 230.334, -41.4336], "tipVelocity": [27.4768, -0.138998, -0.258681], "tool": false, "touchDistance": 0.215889, "touchZone": "hovering", "width": 15.2364}, {"direction": [-0.267541, -0.318826, -0.90927], "handId": 2, "id": 22, "length": 52.6234, "stabilizedTipPosition": [-82.9926, 243.061, -54.4939], "timeVisible": 2.57552, "tipPosition": [-87.111, 235.447, -59.3995], "tipVelocity": [24.4748, -4.04257, 4.11201], "tool": false, "touchDistance": 0.204859, "touchZone": "hovering", "width": 14.9642}, {"direction": [-0.130945, -0.369997, -0.919758], "handId": 2, "id": 23, "length": 50.5988, "stabilizedTipPosition": [-52.1168, 244.556, -52.1709], "timeVisible": 2.57552, "tipPosition": [-55.5397, 233.764, -57.7325], "tipVelocity": [22.0494, -2.55188, 5.1815], "tool": false, "touchDistance": 0.172022, "touchZone": "hovering", "width": 14.2394}, {"direction": [0.0191587, -0.422932, -0.905959], "handId": 2, "id": 24, "length": 39.6685, "stabilizedTipPosition": [-23.2447, 245.045, -38.0332], "timeVisible": 2.57552, "tipPosition": [-22.9705, 238.402, -43.3336], "tipVelocity": [20.6492, -6.51932, 6.56278], "tool": false, "touchDistance": 0.0736224, "touchZone": "hovering", "width": 12.6485}], "r": [[0.907262, 0.405945, -0.109928], [-0.419173, 0.894077, -0.157861], [0.0342009, 0.189301, 0.981323]], "s": 1.05925, "t": [-104.596, 76.8058, -51.935], "timestamp": 1054824713392}, {"currentFrameRate": 113.549, "devices": [], "gestures": [], "hands": [{"direction": [-0.330795, 0.117781, -0.936324], "id": 2, "palmNormal": [0.172202, -0.967989, -0.182602], "palmPosition": [-54.902, 241.662, 25.079], "palmVelocity": [18.9565, -2.09944, -1.68783], "r": [[0.907784, 0.404884, -0.109532], [-0.418064, 0.894531, -0.158228], [0.0339161, 0.189428, 0.981309]], "s": 1.05847, "sphereCenter": [-43.8582, 144.022, -6.79676], "sphereRadius": 106.966, "stabilizedPalmPosition": [-49.9904, 252.511, 30.6122], "t": [-104.449, 76.792, -51.931], "timeVisible": 2.58428}], "id": 788, "interactionBox": {"center": [0.0, 200.0, 0.0], "size": [235.247, 235.247, 147.751]}, "pointables": [{"direction": [-0.776667, -0.245935, -0.579918], "handId": 2, "id": 20, "length": 40.9191, "stabilizedTipPosition": [-116.589, 213.588, 30.8818], "timeVisible": 2.58428, "tipPosition": [-120.934, 205.138, 28.8555], "tipVelocity": [21.0199, 3.88491, -16.9009], "tool": false, "touchDistance": 0.259687, "touchZone": "hovering", "width": 15.9471}, {"direction": [-0.392905, -0.336122, -0.855948], "handId": 2, "id": 21, "length": 46.1727, "stabilizedTipPosition": [-106.862, 238.013, -37.9289], "timeVisible": 2.58428, "tipPosition": [-112.105, 230.388, -41.5006], "tipVelocity": [32.649, -6.75611, -6.34683], "tool": false, "touchDistance": 0.214962, "touchZone": "hovering", "width": 15.2327}, {"direction": [-0.267062, -0.319848, -0.909052], "handId": 2, "id": 22, "length": 52.6101, "stabilizedTipPosition": [-83.0031, 242.995, -54.5183], "timeVisible": 2.58428, "tipPosition": [-86.8653, 235.484, -59.4334], "tipVelocity": [26.8709, -8.38507, -0.819852], "tool": false, "touchDistance": 0.204739, "touchZone": "hovering", "width": 14.9605}, {"direction": [-0.130948, -0.36978, -0.919845], "handId": 2, "id": 23, "length": 50.586, "stabilizedTipPosition": [-52.138, 244.479, -52.2064], "timeVisible": 2.58428, "tipPosition": [-55.3177, 233.782, -57.7486], "tipVelocity": [23.8296, -3.50744, -0.232374], "tool": false, "touchDistance": 0.171988, "touchZone": "hovering", "width": 14.2359}, {"direction": [0.0191104, -0.422708, -0.906064], "handId": 2, "id": 24, "length": 39.6585, "stabilizedTipPosition": [-23.2621, 244.967, -38.0644], "timeVisible": 2.58428, "tipPosition": [-22.7586, 238.357, -43.3214], "tipVelocity": [22.7588, -6.70823, 1.03263], "tool": false, "touchDistance": 0.0737732, "touchZone": "hovering", "width": 12.6454}], "r": [[0.907784, 0.404884, -0.109532], [-0.418064, 0.894531, -0.158228], [0.0339161, 0.189428, 0.981309]], "s": 1.05847, "t": [-104.449, 76.792, -51.931], "timestamp": 1054824722152}, {"currentFrameRate": 113.662, "devices": [], "gestures": [], "hands": [{"direction": [-0.330215, 0.118554, -0.936431], "id": 2, "palmNormal": [0.171018, -0.968148, -0.182875], "palmPosition": [-54.7446, 241.59, 25.1015], "palmVelocity": [18.2855, -8.35373, 2.61092], "r": [[0.908317, 0.403804, -0.109103], [-0.416928, 0.895014, -0.158494], [0.0336488, 0.189451, 0.981313]], "s": 1.05764, "sphereCenter": [-43.4738, 143.281, -6.78297], "sphereRadius": 107.559, "stabilizedPalmPosition": [-50.0088, 252.468, 30.5908], "t": [-104.296, 76.7492, -51.9178], "timeVisible": 2.59289}], "id": 789, "interactionBox": {"center": [0.0, 200.0, 0.0], "size": [235.247, 235.247, 147.751]}, "pointables": [{"direction": [-0.775865, -0.245556, -0.58115], "handId": 2, "id": 20, "length": 40.9073, "stabilizedTipPosition": [-116.604, 213.56, 30.8727], "timeVisible": 2.59289, "tipPosition": [-120.822, 205.166, 28.8332], "tipVelocity": [22.4161, -6.51114, -10.0124], "tool": false, "touchDistance": 0.258252, "touchZone": "hovering", "width": 15.9421}, {"direction": [-0.391577, -0.337715, -0.85593], "handId": 2, "id": 21, "length": 46.1593, "stabilizedTipPosition": [-106.868, 237.947, -37.9495], "timeVisible": 2.59289, "tipPosition": [-111.888, 230.371, -41.5089], "tipVelocity": [29.0896, -14.4578, 0.776543], "tool": false, "touchDistance": 0.215074, "touchZone": "hovering", "width": 15.2279}, {"direction": [-0.266794, -0.320744, -0.908814], "handId": 2, "id": 22, "length": 52.5949, "stabilizedTipPosition": [-83.0127, 242.924, -54.5437], "timeVisible": 2.59289, "tipPosition": [-86.6593, 235.457, -59.4191], "tipVelocity": [23.6044, -14.3414, 4.50828], "tool": false, "touchDistance": 0.205385, "touchZone": "hovering", "width": 14.9559}, {"direction": [-0.131025, -0.369177, -0.920077], "handId": 2, "id": 23, "length": 50.5714, "stabilizedTipPosition": [-52.1582, 244.4, -52.2423], "timeVisible": 2.59289, "tipPosition": [-55.1326, 233.741, -57.7281], "tipVelocity": [21.506, -7.23655, 3.15469], "tool": false, "touchDistance": 0.17244, "touchZone": "hovering", "width": 14.2314}, {"direction": [0.0190133, -0.422855, -0.905998], "handId": 2, "id": 24, "length": 39.647, "stabilizedTipPosition": [-23.2783, 244.887, -38.0957], "timeVisible": 2.59289, "tipPosition": [-22.5814, 238.259, -43.2822], "tipVelocity": [20.8044, -14.3123, 4.84879], "tool": false, "touchDistance": 0.0744684, "touchZone": "hovering", "width": 12.6415}], "r": [[0.908317, 0.403804, -0.109103], [-0.416928, 0.895014, -0.158494], [0.0336488, 0.189451, 0.981313]], "s": 1.05764, "t": [-104.296, 76.7492, -51.9178], "timestamp": 1054824730755}, {"currentFrameRate": 113.74, "devices": [], "gestures": [], "hands": [{"direction": [-0.329456, 0.119436, -0.936586], "id": 2, "palmNormal": [0.170125, -0.968222, -0.183314], "palmPosition": [-54.5828, 241.531, 25.1017], "palmVelocity": [18.688, -6.83193, 0.0301927], "r": [[0.908841, 0.402761, -0.108591], [-0.415809, 0.895506, -0.15866], [0.0333419, 0.18935, 0.981343]], "s": 1.05688, "sphereCenter": [-43.085, 142.372, -6.8118], "sphereRadius": 108.338, "stabilizedPalmPosition": [-50.0284, 252.422, 30.5674], "t": [-104.139, 76.6982, -51.911], "timeVisible": 2.60155}], "id": 790, "interactionBox": {"center": [0.0, 200.0, 0.0], "size": [235.247, 235.247, 147.751]}, "pointables": [{"direction": [-0.775349, -0.244402, -0.582324], "handId": 2, "id": 20, "length": 40.8965, "stabilizedTipPosition": [-116.618, 213.534, 30.8632], "timeVisible": 2.60155, "tipPosition": [-120.698, 205.182, 28.7669], "tipVelocity": [19.4117, 1.18974, -12.3841], "tool": false, "touchDistance": 0.256464, "touchZone": "hovering", "width": 15.9381}, {"direction": [-0.390385, -0.33878, -0.856053], "handId": 2, "id": 21, "length": 46.1471, "stabilizedTipPosition": [-106.873, 237.873, -37.9727], "timeVisible": 2.60155, "tipPosition": [-111.654, 230.371, -41.5542], "tipVelocity": [29.1044, -11.1442, -3.34979], "tool": false, "touchDistance": 0.21459, "touchZone": "hovering", "width": 15.224}, {"direction": [-0.266377, -0.320766, -0.908929], "handId": 2, "id": 22, "length": 52.581, "stabilizedTipPosition": [-83.0216, 242.847, -54.5712], "timeVisible": 2.60155, "tipPosition": [-86.4341, 235.46, -59.4379], "tipVelocity": [25.5248, -7.40316, -0.715455], "tool": false, "touchDistance": 0.205282, "touchZone": "hovering", "width": 14.952}, {"direction": [-0.130849, -0.36761, -0.920729], "handId": 2, "id": 23, "length": 50.558, "stabilizedTipPosition": [-52.1776, 244.317, -52.28], "timeVisible": 2.60155, "tipPosition": [-54.9226, 233.73, -57.7315], "tipVelocity": [23.8746, 0.920884, -1.64378], "tool": false, "touchDistance": 0.172203, "touchZone": "hovering", "width": 14.2278}, {"direction": [0.0194098, -0.421361, -0.906685], "handId": 2, "id": 24, "length": 39.6365, "stabilizedTipPosition": [-23.2935, 244.803, -38.1283], "timeVisible": 2.60155, "tipPosition": [-22.3818, 238.2, -43.2598], "tipVelocity": [23.6311, -3.43332, 0.12091], "tool": false, "touchDistance": 0.0744858, "touchZone": "hovering", "width": 12.6382}], "r": [[0.908841, 0.402761, -0.108591], [-0.415809, 0.895506, -0.15866], [0.0333419, 0.18935, 0.981343]], "s": 1.05688, "t": [-104.139, 76.6982, -51.911], "timestamp": 1054824739413}, {"currentFrameRate": 113.815, "devices": [], "gestures": [], "hands": [{"direction": [-0.329144, 0.120293, -0.936586], "id": 2, "palmNormal": [0.170136, -0.968066, -0.184127], "palmPosition": [-54.4476, 241.483, 25.1439], "palmVelocity": [15.6207, -5.44083, 4.86626], "r": [[0.90927, 0.401937, -0.108049], [-0.414893, 0.89593, -0.158659], [0.0330338, 0.189093, 0.981403]], "s": 1.05616, "sphereCenter": [-42.6707, 141.629, -6.82877], "sphereRadius": 108.99, "stabilizedPalmPosition": [-50.048, 252.373, 30.5433], "t": [-103.993, 76.6491, -51.8866], "timeVisible": 2.6102}], "id": 791, "interactionBox": {"center": [0.0, 200.0, 0.0], "size": [235.247, 235.247, 147.751]}, "pointables": [{"direction": [-0.774722, -0.244113, -0.583279], "handId": 2, "id": 20, "length": 40.8839, "stabilizedTipPosition": [-116.633, 213.504, 30.8528], "timeVisible": 2.6102, "tipPosition": [-120.563, 205.142, 28.7536], "tipVelocity": [21.2324, -7.5635, -5.76078], "tool": false, "touchDistance": 0.255633, "touchZone": "hovering", "width": 15.9347}, {"direction": [-0.389351, -0.339802, -0.856119], "handId": 2, "id": 21, "length": 46.1329, "stabilizedTipPosition": [-106.877, 237.793, -37.9974], "timeVisible": 2.6102, "tipPosition": [-111.463, 230.351, -41.5409], "tipVelocity": [23.959, -11.8217, 3.86752], "tool": false, "touchDistance": 0.215148, "touchZone": "hovering", "width": 15.2208}, {"direction": [-0.26604, -0.320869, -0.908992], "handId": 2, "id": 22, "length": 52.5647, "stabilizedTipPosition": [-83.0294, 242.768, -54.5986], "timeVisible": 2.6102, "tipPosition": [-86.2584, 235.47, -59.4052], "tipVelocity": [19.5958, -6.49086, 5.97172], "tool": false, "touchDistance": 0.206144, "touchZone": "hovering", "width": 14.9489}, {"direction": [-0.130627, -0.366217, -0.921315], "handId": 2, "id": 23, "length": 50.5424, "stabilizedTipPosition": [-52.1959, 244.235, -52.3175], "timeVisible": 2.6102, "tipPosition": [-54.7605, 233.757, -57.6962], "tipVelocity": [18.3412, 3.52087, 4.22223], "tool": false, "touchDistance": 0.172812, "touchZone": "hovering", "width": 14.2248}, {"direction": [0.0198923, -0.420035, -0.90729], "handId": 2, "id": 24, "length": 39.6243, "stabilizedTipPosition": [-23.3073, 244.721, -38.1603], "timeVisible": 2.6102, "tipPosition": [-22.2256, 238.211, -43.2095], "tipVelocity": [18.5653, 1.73859, 4.77118], "tool": false, "touchDistance": 0.0751743, "touchZone": "hovering", "width": 12.6356}], "r": [[0.90927, 0.401937, -0.108049], [-0.414893, 0.89593, -0.158659], [0.0330338, 0.189093, 0.981403]], "s": 1.05616, "t": [-103.993, 76.6491, -51.8866], "timestamp": 1054824748071}, {"currentFrameRate": 113.872, "devices": [], "gestures": [], "hands": [{"direction": [-0.328842, 0.120612, -0.936651], "id": 2, "palmNormal": [0.169963, -0.968058, -0.184327], "palmPosition": [-54.331, 241.421, 25.1871], "palmVelocity": [13.4331, -7.16803, 4.9823], "r": [[0.909638, 0.40124, -0.107542], [-0.41411, 0.896297, -0.158636], [0.0327386, 0.188835, 0.981463]], "s": 1.05549, "sphereCenter": [-42.3679, 140.929, -6.76609], "sphereRadius": 109.558, "stabilizedPalmPosition": [-50.0674, 252.323, 30.5189], "t": [-103.862, 76.5935, -51.8527], "timeVisible": 2.61889}], "id": 792, "interactionBox": {"center": [0.0, 200.0, 0.0], "size": [235.247, 235.247, 147.751]}, "pointables": [{"direction": [-0.774448, -0.243663, -0.583831], "handId": 2, "id": 20, "length": 40.8733, "stabilizedTipPosition": [-116.648, 213.472, 30.8415], "timeVisible": 2.61889, "tipPosition": [-120.454, 205.099, 28.7674], "tipVelocity": [15.725, -4.14042, -1.1038], "tool": false, "touchDistance": 0.255473, "touchZone": "hovering", "width": 15.9322}, {"direction": [-0.388286, -0.341397, -0.855968], "handId": 2, "id": 21, "length": 46.121, "stabilizedTipPosition": [-106.88, 237.707, -38.0235], "timeVisible": 2.61889, "tipPosition": [-111.294, 230.282, -41.5172], "tipVelocity": [21.7218, -17.679, 4.91489], "tool": false, "touchDistance": 0.21586, "touchZone": "hovering", "width": 15.2184}, {"direction": [-0.265665, -0.321632, -0.908832], "handId": 2, "id": 22, "length": 52.5512, "stabilizedTipPosition": [-83.0361, 242.688, -54.6261], "timeVisible": 2.61889, "tipPosition": [-86.1049, 235.415, -59.3661], "tipVelocity": [17.742, -14.1628, 6.60407], "tool": false, "touchDistance": 0.2071, "touchZone": "hovering", "width": 14.9465}, {"direction": [-0.130422, -0.36579, -0.921514], "handId": 2, "id": 23, "length": 50.5294, "stabilizedTipPosition": [-52.2128, 244.153, -52.3541], "timeVisible": 2.61889, "tipPosition": [-54.6211, 233.716, -57.6542], "tipVelocity": [16.2466, -6.4833, 5.4284], "tool": false, "touchDistance": 0.173598, "touchZone": "hovering", "width": 14.2225}, {"direction": [0.0201828, -0.419782, -0.907401], "handId": 2, "id": 24, "length": 39.6141, "stabilizedTipPosition": [-23.3195, 244.639, -38.1911], "timeVisible": 2.61889, "tipPosition": [-22.0924, 238.155, -43.1563], "tipVelocity": [15.7423, -7.699, 5.96309], "tool": false, "touchDistance": 0.0760374, "touchZone": "hovering", "width": 12.6336}], "r": [[0.909638, 0.40124, -0.107542], [-0.41411, 0.896297, -0.158636], [0.0327386, 0.188835, 0.981463]], "s": 1.05549, "t": [-103.862, 76.5935, -51.8527], "timestamp": 1054824756755}, {"currentFrameRate": 113.936, "devices": [], "gestures": [], "hands": [{"direction": [-0.328914, 0.121891, -0.936461], "id": 2, "palmNormal": [0.170244, -0.967735, -0.185756], "palmPosition": [-54.2293, 241.412, 25.2478], "palmVelocity": [11.73, -1.08473, 7.00526], "r": [[0.909907, 0.400768, -0.107025], [-0.413537, 0.896612, -0.15835], [0.0324984, 0.188343, 0.981566]], "s": 1.05478, "sphereCenter": [-42.0689, 140.501, -6.78538], "sphereRadius": 109.944, "stabilizedPalmPosition": [-50.0854, 252.276, 30.4962], "t": [-103.745, 76.561, -51.8054], "timeVisible": 2.62755}], "id": 793, "interactionBox": {"center": [0.0, 200.0, 0.0], "size": [235.247, 235.247, 147.751]}, "pointables": [{"direction": [-0.774198, -0.243239, -0.584339], "handId": 2, "id": 20, "length": 40.8601, "stabilizedTipPosition": [-116.663, 213.438, 30.